90.00209045410156 -29.875850677490234 -146.53079223632812 180.00277709960938 -91.39952087402344 125.00123596191406
47.00657653808594 -29.272741317749023 -131.29849243164062 136.51113891601562 -80.770263671875 223.28836059570312
90.00209045410156 -29.875850677490234 -146.53079223632812 180.00277709960938 -91.39952087402344 125.00123596191406
47.00657653808594 -29.272741317749023 -131.29849243164062 136.51113891601562 -80.770263671875 223.28836059570312
90.00209045410156 -29.875850677490234 -146.53079223632812 180.00277709960938 -91.39952087402344 125.00123596191406
110.88931274414062 -8.732440948486328 -135.96163940429688 203.6890411376953 -62.1564826965332 126.52699279785156
35.72594451904297 -15.16243839263916 -105.6112289428711 114.71426391601562 -62.90253829956055 261.58709716796875
110.88931274414062 -8.732440948486328 -135.96163940429688 203.6890411376953 -62.1564826965332 126.52699279785156
35.72594451904297 -15.16243839263916 -105.6112289428711 114.71426391601562 -62.90253829956055 261.58709716796875
110.88931274414062 -8.732440948486328 -135.96163940429688 203.6890411376953 -62.1564826965332 126.52699279785156
39.06474304199219 -4.941831588745117 -90.4476318359375 100.64178466796875 -51.90269088745117 289.1711730957031
129.59962463378906 -5.003558158874512 -117.61494445800781 233.46333312988281 -53.14418411254883 130.1365966796875
39.06474304199219 -4.941831588745117 -90.4476318359375 100.64178466796875 -51.90269088745117 289.1711730957031
129.59962463378906 -5.003558158874512 -117.61494445800781 233.46333312988281 -53.14418411254883 130.1365966796875
39.06474304199219 -4.941831588745117 -90.4476318359375 100.64178466796875 -51.90269088745117 289.1711730957031