1.190 -0.115 -2.465 2.700 -1.054 -2.912
1.213 -0.156 -2.423 2.725 -1.048 -2.924
1.234 -0.186 -2.365 2.742 -1.017 -2.923
1.257 -0.219 -2.306 2.764 -0.988 -2.926
1.277 -0.252 -2.251 2.781 -0.963 -2.929
1.295 -0.286 -2.193 2.797 -0.938 -2.933
1.314 -0.323 -2.128 2.813 -0.907 -2.935
1.328 -0.352 -2.065 2.822 -0.872 -2.932
1.337 -0.374 -2.005 2.824 -0.835 -2.924
1.323 -0.340 -2.078 2.816 -0.874 -2.928
1.307 -0.314 -2.144 2.806 -0.915 -2.932
1.293 -0.288 -2.205 2.798 -0.951 -2.937
1.274 -0.258 -2.273 2.784 -0.991 -2.940
1.249 -0.229 -2.341 2.765 -1.032 -2.941
1.233 -0.207 -2.391 2.752 -1.061 -2.944
1.211 -0.188 -2.441 2.734 -1.094 -2.946
1.141 -0.205 -2.440 2.661 -1.123 -2.920
1.088 -0.218 -2.412 2.600 -1.122 -2.887
1.007 -0.223 -2.362 2.501 -1.108 -2.820
0.931 -0.233 -2.310 2.409 -1.102 -2.756
0.882 -0.240 -2.275 2.348 -1.101 -2.710
0.829 -0.254 -2.228 2.282 -1.102 -2.659
0.795 -0.271 -2.187 2.239 -1.103 -2.623
0.844 -0.233 -2.204 2.279 -1.066 -2.627
0.909 -0.217 -2.266 2.363 -1.067 -2.697
0.959 -0.215 -2.311 2.432 -1.078 -2.756
1.017 -0.216 -2.352 2.507 -1.091 -2.814
1.072 -0.219 -2.382 2.576 -1.103 -2.862
1.139 -0.224 -2.411 2.657 -1.114 -2.913
1.245 -0.232 -2.442 2.780 -1.129 -2.981
1.323 -0.247 -2.464 2.870 -1.154 -3.029
1.397 -0.250 -2.474 2.952 -1.160 -3.065
1.503 -0.256 -2.505 3.069 -1.190 -3.114
1.596 -0.262 -2.529 3.169 -1.221 -3.151
1.710 -0.269 -2.551 3.289 -1.253 -3.188
1.821 -0.279 -2.562 3.403 -1.279 -3.218
1.929 -0.293 -2.561 3.514 -1.302 -3.245
2.065 -0.316 -2.540 3.653 -1.320 -3.280
2.143 -0.338 -2.519 3.733 -1.333 -3.299
2.030 -0.328 -2.537 3.616 -1.323 -3.267
1.942 -0.307 -2.551 3.526 -1.308 -3.247
1.843 -0.285 -2.561 3.425 -1.287 -3.223
1.738 -0.262 -2.568 3.317 -1.264 -3.195
1.629 -0.243 -2.568 3.203 -1.241 -3.161
1.531 -0.230 -2.564 3.099 -1.223 -3.127
1.415 -0.225 -2.554 2.975 -1.212 -3.083
1.308 -0.228 -2.535 2.860 -1.206 -3.039
1.235 -0.241 -2.515 2.781 -1.207 -3.008
1.168 -0.268 -2.496 2.712 -1.225 -2.987
1.108 -0.307 -2.482 2.653 -1.257 -2.979
1.163 -0.243 -2.451 2.695 -1.162 -2.954
1.160 -0.169 -2.407 2.665 -1.057 -2.893
1.129 -0.098 -2.340 2.586 -0.947 -2.794
1.099 -0.058 -2.281 2.508 -0.875 -2.702
1.059 -0.028 -2.210 2.404 -0.817 -2.585
1.018 -0.018 -2.148 2.308 -0.789 -2.482
0.970 -0.025 -2.087 2.216 -0.785 -2.387
0.928 -0.045 -2.044 2.155 -0.802 -2.332
0.886 -0.079 -2.016 2.120 -0.836 -2.311
0.835 -0.143 -1.994 2.106 -0.895 -2.329
0.809 -0.197 -1.994 2.119 -0.941 -2.374
0.789 -0.259 -2.006 2.144 -0.994 -2.439
0.773 -0.326 -2.027 2.174 -1.052 -2.518
0.766 -0.385 -2.050 2.202 -1.104 -2.590
0.764 -0.442 -2.072 2.231 -1.153 -2.659
0.769 -0.527 -2.105 2.272 -1.225 -2.760
0.785 -0.604 -2.139 2.315 -1.293 -2.852
0.797 -0.651 -2.161 2.340 -1.337 -2.907
0.816 -0.695 -2.192 2.371 -1.387 -2.966
0.851 -0.744 -2.239 2.415 -1.452 -3.036
0.905 -0.797 -2.310 2.475 -1.543 -3.120
0.968 -0.835 -2.375 2.537 -1.627 -3.181
1.025 -0.851 -2.422 2.592 -1.683 -3.210
1.076 -0.854 -2.462 2.640 -1.724 -3.225
1.162 -0.836 -2.519 2.724 -1.766 -3.227
1.265 -0.795 -2.572 2.829 -1.785 -3.210
1.399 -0.719 -2.615 2.966 -1.761 -3.175
1.486 -0.661 -2.631 3.056 -1.720 -3.154
1.569 -0.601 -2.636 3.139 -1.667 -3.142
1.654 -0.524 -2.630 3.225 -1.584 -3.141
1.724 -0.436 -2.612 3.295 -1.479 -3.156
1.758 -0.358 -2.586 3.332 -1.376 -3.179
1.780 -0.288 -2.557 3.361 -1.281 -3.205
1.803 -0.211 -2.517 3.394 -1.169 -3.242
1.820 -0.147 -2.478 3.426 -1.072 -3.281
1.823 -0.098 -2.444 3.444 -0.992 -3.311
1.800 -0.025 -2.391 3.444 -0.869 -3.341
1.757 0.022 -2.355 3.408 -0.781 -3.333
1.699 0.067 -2.317 3.345 -0.689 -3.299
1.592 0.121 -2.256 3.180 -0.565 -3.174
1.493 0.155 -2.195 2.972 -0.475 -2.990
1.426 0.174 -2.142 2.783 -0.422 -2.812
1.363 0.182 -2.092 2.576 -0.395 -2.612
1.309 0.178 -2.058 2.420 -0.402 -2.460
1.243 0.156 -2.054 2.327 -0.459 -2.381
1.182 0.124 -2.076 2.308 -0.538 -2.384
1.135 0.087 -2.113 2.329 -0.619 -2.431
1.095 0.041 -2.159 2.361 -0.709 -2.497
1.070 0.000 -2.197 2.391 -0.780 -2.556
1.044 -0.068 -2.248 2.433 -0.882 -2.643
1.025 -0.126 -2.275 2.453 -0.956 -2.699
1.009 -0.190 -2.297 2.471 -1.030 -2.754
0.993 -0.266 -2.314 2.485 -1.108 -2.810
0.988 -0.350 -2.340 2.509 -1.198 -2.880
0.989 -0.444 -2.372 2.535 -1.300 -2.958
1.008 -0.525 -2.408 2.569 -1.395 -3.029
1.057 -0.595 -2.454 2.626 -1.490 -3.096
1.110 -0.620 -2.485 2.680 -1.538 -3.125
1.176 -0.623 -2.511 2.747 -1.564 -3.139
1.265 -0.600 -2.535 2.836 -1.565 -3.140
1.330 -0.563 -2.544 2.901 -1.538 -3.133
1.389 -0.510 -2.547 2.960 -1.488 -3.126
1.441 -0.427 -2.539 3.010 -1.396 -3.119
1.468 -0.351 -2.523 3.035 -1.305 -3.114
1.486 -0.265 -2.496 3.050 -1.192 -3.108
1.498 -0.184 -2.462 3.059 -1.076 -3.102
1.504 -0.120 -2.429 3.061 -0.980 -3.097
1.499 -0.061 -2.393 3.048 -0.885 -3.082
1.456 0.003 -2.346 2.978 -0.779 -3.024
1.364 0.033 -2.316 2.830 -0.736 -2.908
1.298 0.031 -2.317 2.738 -0.757 -2.841
1.245 0.006 -2.341 2.688 -0.818 -2.820
1.225 -0.054 -2.352 2.689 -0.888 -2.844
