1.190 -0.115 -2.465 2.700 -1.054 -2.912
1.248 -0.084 -2.442 2.753 -0.992 -2.921
1.258 -0.030 -2.396 2.736 -0.897 -2.880
1.270 0.014 -2.344 2.718 -0.805 -2.839
1.275 0.042 -2.285 2.687 -0.725 -2.791
1.288 0.056 -2.224 2.665 -0.653 -2.753
1.303 0.051 -2.158 2.649 -0.594 -2.723
1.308 0.047 -2.092 2.609 -0.537 -2.672
1.312 0.029 -2.010 2.556 -0.482 -2.610
1.313 -0.003 -1.949 2.526 -0.457 -2.576
1.312 -0.053 -1.884 2.506 -0.445 -2.554
1.309 -0.109 -1.821 2.491 -0.441 -2.538
1.306 -0.161 -1.761 2.474 -0.436 -2.521
1.303 -0.199 -1.712 2.454 -0.430 -2.500
1.299 -0.245 -1.646 2.418 -0.417 -2.462
1.297 -0.296 -1.570 2.374 -0.400 -2.415
1.297 -0.334 -1.508 2.332 -0.383 -2.369
1.303 -0.373 -1.429 2.265 -0.352 -2.296
1.295 -0.406 -1.366 2.184 -0.339 -2.212
1.271 -0.411 -1.339 2.094 -0.348 -2.121
1.252 -0.358 -1.431 2.150 -0.384 -2.185
1.227 -0.295 -1.536 2.194 -0.428 -2.239
1.213 -0.253 -1.604 2.217 -0.454 -2.269
1.202 -0.214 -1.669 2.242 -0.479 -2.301
1.197 -0.180 -1.728 2.272 -0.498 -2.336
1.199 -0.139 -1.801 2.319 -0.518 -2.389
1.211 -0.109 -1.856 2.365 -0.527 -2.438
1.227 -0.131 -1.791 2.338 -0.486 -2.399
1.242 -0.171 -1.749 2.359 -0.475 -2.417
1.262 -0.198 -1.685 2.338 -0.436 -2.387
1.268 -0.231 -1.612 2.280 -0.405 -2.322
