-39.46897888183594 -21.51887321472168 -151.6875           234.16151428222656 -71.35674285888672 -170.82139587402344
-59.46897888183594 -21.51887321472168 -126.6871109008789  214.16151428222656 -71.35558319091797 -170.82139587402344
-39.46897888183594 -21.51887321472168 -151.6875           234.16151428222656 -71.35674285888672 -170.82139587402344
-69.46897888183594 -21.51887321472168 -126.6871109008789  214.16151428222656 -71.35558319091797 -170.82139587402344
-39.46897888183594 -21.51887321472168 -151.6875           234.16151428222656 -71.35674285888672 -170.82139587402344
-152.96913719177246 -25.494197845458984 -118.66336822509766 105.98506927490234 -67.90609741210938 -130.29788208007812
-132.96913719177246 -25.494197845458984 -83.66282653808594 115.98506927490234 -67.90447235107422 -130.29788208007812
-152.96913719177246 -25.494197845458984 -118.66336822509766 105.98506927490234 -67.90609741210938 -130.29788208007812
-132.96913719177246 -25.494197845458984 -83.66282653808594 115.98506927490234 -67.90447235107422 -130.29788208007812
-152.96913719177246 -25.494197845458984 -118.66336822509766 105.98506927490234 -67.90609741210938 -130.29788208007812
-47.05854797363281 -16.1577205657959 -144.50843811035156 225.9834442138672 -67.9288330078125 -170.71023559570312
-67.05854797363281 -16.1577205657959 -119.50804138183594 205.9834442138672 -67.92767333984375 -170.71023559570312
-47.05854797363281 -16.1577205657959 -144.50843811035156 225.9834442138672 -67.9288330078125 -170.71023559570312
-67.05854797363281 -16.1577205657959 -119.50804138183594 205.9834442138672 -67.92767333984375 -170.71023559570312
-47.05854797363281 -16.1577205657959 -144.50843811035156 225.9834442138672 -67.9288330078125 -170.71023559570312
-149.05507469177246 -19.25494956970215 -109.36540985107422 111.4195556640625 -65.3226318359375 -140.22068786621094
-129.05507469177246 -19.25494956970215 -74.3648681640625 91.4195556640625 -65.32100677490234 -140.22068786621094
-149.05507469177246 -19.25494956970215 -109.36540985107422 111.4195556640625 -65.3226318359375 -140.22068786621094
-129.05507469177246 -19.25494956970215 -74.3648681640625 91.4195556640625 -65.32100677490234 -140.22068786621094
-149.05507469177246 -19.25494956970215 -109.36540985107422 111.4195556640625 -65.3226318359375 -140.22068786621094
