1.190 -0.115 -2.465 2.700 -1.054 -2.912
0.913 -0.063 -2.264 2.297 -0.957 -2.566
0.830 0.038 -1.997 1.963 -0.819 -2.115
0.697 -0.158 -2.161 2.089 -1.081 -2.452
0.773 0.054 -1.973 1.892 -0.855 -2.040
0.687 -0.146 -2.159 2.074 -1.081 -2.434
0.877 -0.281 -2.345 2.379 -1.182 -2.794
1.119 -0.091 -2.287 2.549 -0.899 -2.745
1.239 0.094 -2.079 2.434 -0.525 -2.504
1.157 -0.101 -2.327 2.615 -0.929 -2.807
1.231 0.104 -2.087 2.419 -0.528 -2.490
1.206 -0.104 -2.338 2.679 -0.926 -2.850
1.507 -0.274 -2.456 3.072 -1.160 -3.114
1.890 -0.286 -2.424 3.491 -1.162 -3.285
2.211 -0.276 -2.329 3.856 -1.148 -3.483
2.277 -0.147 -2.179 4.035 -0.983 -3.745
2.242 -0.327 -2.305 3.880 -1.179 -3.476
2.195 -0.170 -2.179 3.940 -0.955 -3.677
2.227 -0.301 -2.348 3.860 -1.187 -3.458
