-89.99790954589844 -29.875850677490234 -146.53079223632812 180.00277709960938 -91.39952087402344 125.00123596191406
-132.99342346191406 -29.272741317749023 -131.29849243164062 136.51113891601562 -80.770263671875 223.28836059570312
-89.99790954589844 -29.875850677490234 -146.53079223632812 180.00277709960938 -91.39952087402344 125.00123596191406
-132.99342346191406 -29.272741317749023 -131.29849243164062 136.51113891601562 -80.770263671875 223.28836059570312
-89.99790954589844 -29.875850677490234 -146.53079223632812 180.00277709960938 -91.39952087402344 125.00123596191406
-69.11068725585938 -8.732440948486328 -135.96163940429688 203.6890411376953 -62.1564826965332 126.52699279785156
-144.27405548095703 -15.16243839263916 -105.6112289428711 114.71426391601562 -62.90253829956055 261.58709716796875
-69.11068725585938 -8.732440948486328 -135.96163940429688 203.6890411376953 -62.1564826965332 126.52699279785156
-144.27405548095703 -15.16243839263916 -105.6112289428711 114.71426391601562 -62.90253829956055 261.58709716796875
-69.11068725585938 -8.732440948486328 -135.96163940429688 203.6890411376953 -62.1564826965332 126.52699279785156
-140.9352569580078 -4.941831588745117 -90.4476318359375 100.64178466796875 -51.90269088745117 289.1711730957031
-50.39962463378906 -5.003558158874512 -117.61494445800781 233.46333312988281 -53.14418411254883 130.1365966796875
-140.9352569580078 -4.941831588745117 -90.4476318359375 100.64178466796875 -51.90269088745117 289.1711730957031
-50.39962463378906 -5.003558158874512 -117.61494445800781 233.46333312988281 -53.14418411254883 130.1365966796875
-140.9352569580078 -4.941831588745117 -90.4476318359375 100.64178466796875 -51.90269088745117 289.1711730957031
